14743964092	17750155741	17163592098	18773072233	13392504089	16689505255	18807003318	18930481000	14537722006
13406901542	18155849454	13003761752	19832790926	18995179268	14573238177	15238392339	18082330706	15626616473
18359984768	17768048213	15690125571	15905513524	17791625497	18513063904	15203234620	18082545194	17174446835
13545869579	18959026756	17149996717	18876322360	18906167808	17185047413	18810209290	13334461068	13186491437
18705235869	17759755058	16650213751	18366139112	17746437286	16677120531	18700548835	19956686066	16675706258
15823958868	18993391133	15585586668	18869581419	18037865073	13086369551	13783825032	15360607265	17176566755
18821049295	15372082664	13202122083	18261098138	15384262353	14508878737	18798995660	13311473851	17653872022
15927699605	17352462852	18586246187	14773872030	13342494134	13175671347	15701950375	19996491237	16697713432
15957457744	13364748891	16621265094	18723287583	14962331560	14500996254	18866620373	13358910182	15586408137
13635511370	13398098910	13282090520	17806727437	18169584162	16630946341	15084924589	18062317505	17185707652
18294743465	18156277315	17115723398	15720842594	19997084107	16629330464	13603544478	18948182363	18632361426
14705762068	13346184473	13061127212	18438755573	15342431902	14508425874	13401634331	13314654803	13252630286
15003208201	17733324142	13036308283	19892750272	18951048572	18504908920	13702380635	15325840951	17129395949
18316398848	13370183792	16614860020	18732363946	18975143022	13213471117	15849377067	19945885573	17677155095
18897904172	18081552022	13040897582	15128144388	18902310870	13172865875	18274604147	17375811212	18611515265
18379430397	19989906284	15557809415	18895526322	17780598689	15680296823	13709679299	18098116045	14554687651
13643292331	18009452606	13196392173	15276868956	19987179307	13167843901	15181484869	13397855753	13042730340
18372413067	18107009317	13229835224	13406698926	18183602671	16670279658	15785665627	18922654833	15620278694
17863017981	13394698660	13179609960	17845814676	17335585814	13206115776	13694254571	15326621306	18686353304
13890388197	14901928323	17114641509	18303979520	18913112504	17551158847	19867882847	17339675384	18604159740
13492366878	18967874588	16600034623	17219455420	19922770453	16646233986	18387118079	17377253570	18695192401
15811813766	18050454870	17180335264	18459937553	18133661233	13113506911	19819491867	18184999461	14510890727
19834601293	15392435849	17147352984	19811792622	18949685845	18501058207	18446070455	13368327430	15526652047
18336795279	13346376382	18643690073	17291885479	13355699178	13063770126	17283129698	18107212049	18584473570
13456310032	19989761692	16654915475	15086224319	14907762493	17183153346	17215030943	18142065330	13295651347
18796710638	18132705582	13262173653	13757451286	18986920974	13139134870	18396048931	18110129135	17145332268
15744814269	14943007898	15563400545	15731243262	18159954631	14506453866	17836314202	13394942224	15674382239
18832795474	18054090721	13012156471	15217541226	13362758875	17650937282	13671801294	13357005078	17570913256
18895677857	18122132915	13028016422	18794130412	19993464649	18544623143	18758715047	18927277276	18577889677
13989047694	17732882468	17109112779	14724268526	17758606589	16694067600	18492157884	17330369581	18661488526
19863756609	18190073870	13102215829	18411829785	18913773471	17141743257	17291334211	14988914094	17630184933
13540127758	18168850654	13025868872	15109969698	13332177560	18658723693	13702956866	17781418048	14582050396
17852788356	14995573495	15536845319	18719443355	18044575688	13044407280	13806205397	13306576222	13228402918
13974470071	18135732091	17181848474	15710477337	19977195484	18521180241	13519381746	17713277654	16653401696
18718608206	17788596021	17510957588	15703808942	14923879716	13112261960	13805420143	17386616297	13298496988
13550276741	17768053875	17535366392	15071220606	15349762442	17643096986	15929748416	14936123583	18525800972
18455453157	17751149567	13046064826	18468976402	18097644108	18597405397	18257757872	17761293548	15689245768
18723623358	18964012814	17149423170	17889762953	14905013659	13120631715	15758938847	19940439856	13108876424
13639282733	19924388235	17168509008	15801116041	18941147074	13169356583	14738666423	19948701827	17101671541
15217855776	17302377506	13071735073	15859809547	18193431074	13042309928	13699015780	19980778737	16636791373
13471554404	15362062409	16673311838	18710181070	13397733471	17549774744	13581964237	18963883971	17119967338
15137502469	14916026188	16683595756	17889419204	13361434982	18689661675	15100158394	19946130337	16641723506
15262213117	18125145716	14534638903	13479212590	17775179065	17128027980	15808755918	14939843838	17569685653
13832852032	19955450877	15605487395	13734998920	18917720521	14545995498	13992639993	18102291776	16665326204
18840204044	15334675703	16620634457	14738835626	17301758061	16630205417	17864989553	17755964752	14507011181
15218335469	13319963306	16605484349	13726726274	17755237375	18607587801	14757558989	19931946713	13001999034
13788092094	17323376850	13223717674	18289775382	18177383555	17684542211	13935174062	18057039806	15513344470
15159738326	18032865739	13124825786	15084240990	14919474999	18691242568	13432036373	18012024226	16612731996
15936653097	14989750662	13265734201	15748168382	19919328876	16627796825	13680170089	18926523466	17521587605
17813497902	18048667981	16638442326	13545601305	18983914862	18635539006	18292349722	13378388431	16679671496
18368780222	18916656173	18684376688	15981347661	15320146671	18646547079	19891387393	17797285215	17126569316
13503097429	18185514300	17685525444	13588892543	19961763135	17177261663	17837089347	18129254855	17567439428
14731345215	17315876761	16677383165	18852549907	18945413424	17664189887	13788520480	17777373815	16627047105
17275233554	18159515942	15691415248	18433601080	15399608507	13048284341	13832656378	13379966024	18529424292
19875953992	19908761444	14550854001	15924396275	15361093257	13269275154	18798070246	18037211128	17578241144
13695514818	18971815054	15616637330	15159041187	17373929139	14587472256	15787545230	18940945151	18568451221
17894564738	13374280985	18566378424	15197075379	17308173960	15656724384	15128924544	13305508639	15559192401
15997601036	15379567103	13241848572	13405522095	19947524474	13274734636	15106575615	17753574781	15549821825
13592256730	13337727382	14575090032	13685016193	17349180023	16679717393	13421535210	15335015995	18624042897
18774233972	18112220303	16613176322	14761760200	15386754910	15687117094	13579346154	17319547468	13154641350
15059526202	14918470057	15607093466	18799060584	17755608821	16624323058	19818373124	17362051625	14511026879
14751147516	17322666615	17562324216	15915644492	18994743861	13094960872	18756579547	15352101728	18533064307
15200681064	17717230968	14563583870	15881516401	18088979567	15543506857	14790908215	18990894082	15629399883
13990907577	18953868629	17681959042	18780044024	17311677489	16670800740	18846465539	19975320034	17580989219
13795895812	17367736732	15626228968	18787895341	13310697635	13242672045	13467419570	14934991418	14547960270
18409489474	18927871449	18586317263	13649346636	17359081665	18621236482	15009790021	17722291161	15581271914
14734184523	17751149583	18697021990	14714097377	14968319311	15589514224	18772534099	17370828637	13011639566
14795641372	14917274948	13166537341	13811252186	17795108340	16671108785	18242567606	17729074738	14592104746
13746513712	18184793401	17635199264	19879759833	17723483711	14511016200	13833954245	18189330951	17527693857
17863337998	18979389602	16632183752	13522145979	18987929626	16631459072	13681212504	18154014833	15630143211
19844666616	14946292972	15601323900	15883571260	17760906756	17106006657	18251962233	17394426319	13214180018
18822915734	18991219769	13089160236	15803141582	15375056729	18553443805	13778683458	17376144769	18620678646
19835047916	18912846949	18665115208	18204677860	18013184335	13293595384	15197657570	15310717792	17600794922
18412251111	13395036135	17685332611	18365373322	13353881257	13196048801	15854526661	19945735812	18551833726
13450466221	17797300451	17617441386	13845982933	14998623685	13173598454	17819156770	14967026319	13202900143
13493504841	14975289858	15511521190	15842285768	19965345366	15545846328	15032846306	13300895435	17540138126
18441102693	19922477772	15527975360	15739326683	18074525204	18656739616	18805360063	19976831855	13073923326
17874715215	17372422363	17692883545	18846099818	13373386041	17128645244	17279863400	18177198539	14517661399
17828535222	17346387077	13090178044	18486247023	19937185268	18653144012	15765603050	14907149994	13090974592
19874177737	14902101175	18542475762	13468184523	18992426963	13250709638	17211819952	13335046547	17156494282
15041125325	17393411234	15586681971	19819708899	17772959807	13059962161	13413471223	17366539826	18592776272
13477540205	19983553286	13293882183	13911321176	17359923205	13072633600	13575074612	17730993085	18647068424
18417222321	19928995038	18511384727	15765143129	13397941181	14530426592	13404719557	18040979925	13091661014
15716532681	14999897046	13250295153	13511679990	17731483517	15504252192	13579809684	17739393440	17603534002
18781472955	13320584695	13175975949	19806695089	14965145182	16692145690	18318126415	17326261744	18646410723
15085173090	14947365831	17529898631	19860325114	18005547614	17517052832	18438666855	19981009524	16635078609
18888492686	17719286183	16629521790	15094702297	18974874638	15608866067	18870541043	15386198938	17121370412
15709112173	19957774764	16666409090	13450510919	18167872724	18561767566	13682377547	19906025099	17685035705
19899811122	15332325853	16630932551	13889953884	18914638923	13271613482	14796571090	15376888499	15570094279
19827140855	18130703743	17504447247	15188880463	17728645785	13053181593	13926960417	18194111992	17606879756
13411222659	15394648768	14533800840	15923842323	14906840442	13119717429	14771578127	13342548692	14566857230
13934767749	15387819026	13166651171	15905701074	13314904412	15656615842	15058624824	19929614342	16635543177
14727968008	15321495218	13258141076	13562957461	17348058150	14504983859	15986448647	14913652482	15637634789
17263009230	14931193653	13290203293	15166864973	15324903706	13000820178	13988549233	18030678246	15552594801
18406265057	19943358680	14515023156	15826043995	14937619921	16615918858	13518107767	17715762468	16619615113
19813065088	18951141835	13258093405	15155109053	19987274361	16680426190	18428165114	18138248581	13050303059
18758183721	17780525216	17146506373	18302594774	14916753840	18566653753	18851564372	18965220920	13082266284
18857551669	18954746136	18528695333	13786677173	13323366084	13231079713	18255381614	18012740260	16623182917
15081684288	14969963732	13061505368	14726018687	18041682631	15696300952	13576417684	19906291835	18638204697
18215012563	18906807694	15638792006	19833523640	19996690834	16637287993	18307469974	19931665475	17518114315